1.887675199761237876e-01
3.710026518198967227e-01
8.117941264162193971e-01
7.623148351574873249e-01
5.190647843633150460e-01
8.018681318681318837e-01
6.771053813834415624e-01
6.817177532747416002e-01
5.302637708017142737e-01
3.916461867135374031e-01
0.000000000000000000e+00
6.982535885167464595e-01
7.640692640692641202e-01
8.856623442664630641e-01
6.140042059890851167e-01
7.730850980590304733e-01
9.121212121212121104e-01
6.783270676691728340e-01
9.857142857142857650e-01
4.218073593073592420e-01
5.646146616541354302e-01
6.086736441490969707e-01
9.214285714285713746e-01
7.243695532481317922e-01
4.368350168350167984e-01
9.090909090909091717e-01
4.015212665614625864e-01
7.120905362262731630e-01
7.886224779766979331e-01
8.578282828282828287e-01
8.608547008547008383e-01
2.475879837858848964e-01
5.500855202652681353e-01
6.461185770750988988e-01
8.620280280280280261e-01
9.000000000000000222e-01
8.955555555555555491e-01
4.863927435634254337e-01
5.315137760789934163e-01
7.797713981924507820e-01
7.353639918857309832e-01
1.699763064298268067e-01
6.052813852813853090e-01
5.281965093729799055e-01
4.279559689012223944e-01
8.915763546798031181e-01
4.555024698185402565e-01
2.145979020979020824e-01
7.340044357335819836e-01
8.307692307692308153e-01
7.409090909090909616e-01
6.650422976952613530e-01
7.673755094807725996e-01
7.839285714285714191e-01
7.613311688311686920e-01
5.165300241081862698e-01
8.147869674185462818e-01
5.795938752251256210e-01
9.085714285714286964e-01
6.572979218870632634e-01
5.118959598991751347e-01
4.422542735042734874e-01
7.154210526315789576e-01
6.553884356983339377e-01
8.391187244128420764e-01
9.299663299663298854e-01
7.185911914172782300e-01
8.010433244916003170e-01
3.954621848739495737e-01
4.300000000000000488e-01
4.297207744379176186e-01
8.208058608058607097e-01
6.262629222629222392e-01
8.010820060904950690e-01
5.206113332552243511e-01
4.864489258347016731e-01
3.206003335868275461e-01
3.661443083282920341e-01
1.000000000000000000e+00
7.422122614227876225e-01
7.127187949147146817e-01
7.766811683659151644e-01
8.564102564102563653e-01
9.331331331331330636e-01
5.632331270262304068e-01
7.013438735177864869e-01
4.499857191333509476e-01
3.736418380528141459e-01
6.102583992094861021e-01
5.277057479720117517e-01
7.527777777777777679e-01
5.590820943762120354e-01
7.240476190476189400e-01
8.014285714285713791e-01
7.625337897396721187e-01
9.257943143812707998e-01
7.420979020979021623e-01
1.864696907243910129e-01
3.156507996001999272e-01
3.766801959331072536e-01
5.094460270452474404e-01
2.004193701228996483e-01
8.380341880341880545e-01
9.257943143812707998e-01
2.713878461161515210e-01
4.122144981462741997e-01
6.970608802961744122e-01
2.591374960854165854e-01
4.081722112428633475e-01
7.619900406270020410e-01
8.601667298219022317e-01
4.784313725490195734e-01
6.994999918544875239e-01
5.863551360669544410e-01
8.206593406593405415e-01
1.287108287272966667e-01
5.789642200016130724e-01
4.237337337337336862e-01
3.178986715025403642e-01
6.771332176595333818e-01
0.000000000000000000e+00
8.401785714285715523e-01
7.098214285714286031e-01
8.732620320855615237e-01
7.978009539978978548e-01
5.674075180029959364e-01
4.132829494898460077e-01
3.063407651340939730e-01
7.392507002801120830e-01
1.610577141459494377e-01
8.422923719697914535e-01
8.666666666666668073e-01
6.479353979353978943e-01
5.327830725462303629e-01
6.312797106275367387e-01
9.109989648033126608e-01
2.863690476190476342e-01
6.199305809280233337e-01
7.171510167951861137e-01
4.001960669565064466e-01
6.883197947371167968e-01
2.287021731821509418e-01
6.121573606426876646e-01
5.976127924944759640e-01
6.720246956059915400e-01
5.822077922077922851e-01
7.838250930356193136e-01
8.635060350009327035e-01
7.565216450216449839e-01
7.271739130434782261e-01
7.596590909090908950e-01
7.885156935693733438e-01
8.394266834212114059e-01
8.889085003370718052e-01
4.704001915049990101e-01
7.271344538592469098e-01
6.582475495518974595e-01
7.257867067410553874e-01
6.371118012422359866e-01
8.431295911295911827e-01
7.536363636363636598e-01
2.489098501749179848e-01
6.284782608695652639e-01
8.121481781103584430e-01
5.342399680122266181e-01
8.060782967032966706e-01
9.019713261648745206e-01
7.510959555187440850e-01
3.018574847191788924e-01
4.681579110544628053e-01
7.122934702705006060e-01
6.350556562503442137e-01
6.205315757039894242e-01
3.352328737591988017e-01
4.089310117127454847e-01
6.426666666666667194e-01
8.370567595459237342e-01
7.838496240601504628e-01
5.116666666666667140e-01
8.414285714285714146e-01
7.549003565851719610e-01
1.066666666666666596e-01
6.359654837915706960e-01
7.296918767507002412e-01
5.015418533157921521e-01
7.467618540067613164e-01
6.726352079293256292e-01
7.580952380952380443e-01
7.605853780899275440e-01
7.385422339261488167e-01
5.219145517854528737e-01
5.175626566416039465e-01
9.041666666666667851e-01
5.788936183168920113e-01
7.787305910946591414e-01
4.663139419041433809e-01
9.056277056277057813e-01
5.907515804752023758e-01
7.894478512125571168e-01
4.971388002138984463e-01
7.387854957999998584e-01
5.442379359770664893e-01
4.249625493178944002e-01
5.554385964912280649e-01
1.792074389226438469e-01
8.162480886297481808e-01
5.555844228453025169e-01
6.667686864196381569e-01
5.854866356667307592e-01
7.738736263736263332e-01
4.769182885472020850e-01
7.897106651007501643e-01
4.505911274910222586e-01
1.000000000000000000e+00
6.125423566183677559e-01
6.786631510337082229e-01
3.655477140811492776e-01
6.746683466683466301e-01
5.057736945110099525e-01
7.957936507936508308e-01
5.399768058554454964e-01
7.432456140350878204e-01
6.766959064327485729e-01
6.688387635756056770e-01
5.539776669431841771e-01
9.480439560439559710e-01
7.028219373219373178e-01
7.587464478441922067e-01
6.758829591461170683e-01
7.692907334211681603e-01
4.522727272727272707e-01
8.787878787878788955e-01
5.975775837066159557e-01
7.980901451489686993e-01
6.051747165070354706e-01
6.270856844305120470e-01
8.350407268170426667e-01
5.498004129935519790e-01
1.250000000000000000e-01
5.512953216374267829e-01
2.870707070707070874e-01
7.240488072348890691e-01
5.429729334992493550e-01
5.899614909108358285e-01
6.316192463805058166e-01
8.154691075514873821e-01
6.709956709956710341e-01
4.145774976657329303e-01
7.708978328173374805e-01
4.923174603174602093e-01
6.532781251397452582e-01
7.789682539682539764e-01
8.710701484895032598e-01
5.569558385704684866e-01
7.165740022239056595e-01
6.018204404291360721e-01
5.116415432393692786e-01
0.000000000000000000e+00
7.815584415584415634e-01
8.204545454545455474e-01
3.753053232817539220e-01
8.375180375180374392e-01
4.540215905752861270e-01
4.637929923403343868e-01
7.559808612440191977e-01
7.722222222222222543e-01
5.742857142857141772e-01
1.868653734136062061e-01
4.337652625152625951e-01
8.028364389233955123e-01
5.658937066429252649e-01
8.636363636363635354e-01
8.062578486115052900e-01
7.875157160615832153e-01
6.132699498828529938e-01
8.455505279034690735e-01
4.825408172324249234e-01
8.305194805194806573e-01
2.086347687400318951e-01
6.735294117647059320e-01
9.666666666666665630e-01
3.780092105099266409e-01
7.671781785077735893e-01
5.269595679554175405e-01
7.223232323232323671e-01
6.511877069909030036e-01
4.500000000000000111e-01
2.653633770444114859e-01
3.825671961364247031e-01
7.570185556663592275e-01
7.836363636363636864e-01
7.691394972171607947e-01
5.873921753286630576e-01
6.145926480670454994e-01
7.939340190395934860e-01
1.388888888888888951e-01
4.604083037820146940e-01
4.157847868940617309e-01
7.383488612836439646e-01
5.110699701823342433e-01
3.644225125254550446e-01
6.598401983203692200e-01
7.137774122807016841e-01
1.346794014839936549e-01
8.539682539682539320e-01
7.451023962296823289e-01
7.539772727272727737e-01
5.596892245614297767e-01
8.077477512422650552e-01
6.702673796791442928e-01
5.354524456727318693e-01
8.898359081267276371e-01
5.541825221162077764e-01
7.603309253525971645e-01
2.948824161771732011e-01
7.773476714878467808e-01
5.144042232277525883e-01
8.033059533059534463e-01
7.445295606165172053e-01
8.836996336996337797e-01
2.605152581187376581e-01
5.890271493212668741e-01
1.621409924921614343e-01
4.614310778944669122e-01
5.074470899470899798e-01
8.180043096491760313e-01
6.522807017543860164e-01
8.048798328108672795e-01
6.094579094795812280e-01
7.720204360204360183e-01
7.517955380203116267e-01
4.955064823477985381e-01
5.344378560036454617e-01
5.418163778845613843e-01
6.342670611123335522e-01
6.779373625880558141e-01
9.192857142857142616e-01
5.271714325719176752e-01
6.275931677018633525e-01
5.190420007774027011e-01
5.758720691073632159e-01
6.563564446409275721e-01
4.992203519327208516e-01
4.508532987104753031e-01
8.676190476190477341e-01
2.870381619397637807e-01
5.753800669811665047e-01
2.552177373911991842e-01
6.588646645657515455e-01
2.325168072809248032e-01
9.010101010101010388e-01
7.145583266262762745e-01
7.609448502226981992e-01
8.253393665158370585e-01
6.693347338935573543e-01
7.188888888888889106e-01
7.737985114300903744e-01
4.873015873015872357e-01
8.375000000000000222e-01
7.575000000000000622e-01
8.175541648367735670e-01
6.208547008547008472e-01
7.649127343244990218e-01
6.758658008658008365e-01
8.826923076923076650e-01
6.968421052631578183e-01
4.897041999470456153e-01
4.872096895943128780e-01
8.581628264208909229e-01
9.384615384615384581e-01
6.450591440723020265e-01
5.992081529581529953e-01
5.038827928424012281e-01
6.173975416924513127e-01
5.421929462206883654e-01
3.412239882495439192e-01
6.114698960043787324e-01
5.733969559851912479e-01
7.619694031458738026e-01
7.493828551310433017e-01
8.743937708565072686e-01
7.542522522522523420e-01
3.837903091060985705e-01
6.532051282051282159e-01
6.790826021410262259e-01
7.422619047619047894e-01
5.889022122671503379e-01
4.447011069207614797e-01
8.381598793363498334e-01
7.989630467571644523e-01
7.682481150120571423e-01
5.668576488196461760e-01
5.923928892975383054e-01
6.353001277139208591e-02
6.649261384770710492e-01
7.829760127819500315e-02
2.296494824286955116e-01
5.962799945152886805e-01
7.296986760516172010e-01
5.395739952115453653e-01
4.329830533440851004e-01
2.966164149280140494e-01
6.865974804366110629e-01
1.000000000000000000e+00
3.083161789435284184e-01
4.848421052631578521e-01
7.460905775868797996e-01
6.463092463092463547e-01
4.164519460893700287e-01
3.560236166802986379e-01
5.605009314463663683e-01
7.983516483516484019e-01
5.318131297760639864e-01
7.604160560575250472e-01
6.787425811483441818e-01
5.213563887093298765e-01
5.496267942583731303e-01
6.700000000000000400e-01
6.366243315508022249e-01
8.666666666666665853e-01
5.916666666666665630e-01
7.521324009015462053e-01
2.274750688669751608e-01
7.880420663564469130e-01
8.432643527045978749e-01
7.425645933014354272e-01
9.022727272727273373e-01
8.387878787878786380e-01
7.753339850114042697e-01
7.501084504795508812e-01
8.643397129186602967e-01
8.289529914529915056e-01
6.053863584080974025e-01
7.859860008076455795e-01
7.233725490196079022e-01
3.488764071500221609e-01
5.918348872104409741e-01
5.025454989746014345e-01
5.733333333333332504e-01
4.228120972878092187e-01
4.497582867366690107e-01
6.383170533170533512e-01
6.472799377705065194e-01
7.797619047619046562e-01
8.214052367015767242e-01
5.854667579361684249e-01
6.381810193068501169e-01
6.315701842017631407e-01
7.195763160313244367e-01
5.127090328231915795e-01
2.252247903065144052e-01
7.198412698412698374e-01
7.889285714285714235e-01
7.137442112915358683e-01
9.000000000000000222e-01
7.625378787878788200e-01
4.604313938832804709e-01
7.804266575184168886e-01
2.058427839671492787e-01
9.333333333333333481e-01
5.921911586167263319e-01
4.493791128122904266e-01
7.150000000000000799e-01
5.918972311263686059e-01
8.677677677677678725e-01
5.863095238095238360e-01
8.123392356200737074e-01
4.857806280406899435e-01
9.400000000000000577e-01
7.380901451489687570e-01
8.272789817681458491e-01
7.163725490196080070e-01
9.333333333333333481e-01
8.379448621553882148e-01
6.160510332221411645e-01
4.472604084368790867e-01
6.701804220206513119e-01
7.600550395596834541e-01
6.746213775382783329e-01
7.583129288696441872e-01
5.999999999999999778e-01
5.337858173572458398e-01
7.451331539259383741e-01
7.918663594470045641e-01
6.397367338543809012e-01
8.039162534489762146e-01
6.134421134421133015e-01
4.374135835075526058e-01
7.558466819221968391e-01
7.612179487179486781e-01
5.045522875606118784e-01
8.900000000000000133e-01
4.979274323877022068e-01
7.593506493506494426e-01
8.468298006341484774e-01
6.818179960771494352e-01
6.534836021792542748e-01
9.666666666666665630e-01
8.483641481671038154e-01
7.520507714839166358e-01
2.966303037090484152e-01
6.964285714285713969e-01
7.768270944741532125e-01
6.195169530088932008e-01
2.516280634862404497e-01
8.830698942161065990e-01
6.419841269841269904e-01
6.422416582159258258e-01
2.147170971974747267e-01
5.335200140978784145e-01
6.318421052631577606e-01
6.933971571906354381e-01
1.869821801807096118e-01
5.977685760294455530e-01
5.172785547785547777e-01
8.122500000000000275e-01
5.918437118437118727e-01
6.459962356484095780e-01
8.625000000000000444e-01
8.199627039627040981e-01
7.784969153503635830e-01
5.874064249926319592e-01
5.318442918962169585e-01
5.598951281117023893e-01
4.990909090909091406e-01
6.494770826349773873e-01
1.632743812404254535e-01
5.055843518927958247e-01
5.182085716141443532e-01
9.174825174825175234e-01
1.399482917969351869e-01
4.944951841673431159e-01
3.914701950447311285e-01
7.421134799395668891e-01
5.798909528723770190e-01
6.813744588744587993e-01
6.418359161076325758e-01
6.356542759831833589e-01
7.611538461538460698e-01
7.669733813163531755e-01
1.668165664037599139e-01
9.057142857142856940e-01
7.219950456275840978e-01
7.836416684242771824e-01
7.907886231415643952e-01
6.089035869531225220e-01
6.991429623008570404e-01
4.824861229191206857e-01
