1.841201856888131372e-01
4.121452741935486830e-01
8.102449189912996896e-01
7.646412262168543750e-01
6.041690385410032338e-01
7.744642857142857162e-01
6.236929176701744293e-01
6.919760907985803566e-01
4.018358365003956711e-01
4.937702986940484817e-01
0.000000000000000000e+00
6.502386502386501288e-01
8.684615384615386180e-01
9.067149758454104980e-01
6.298597629771240936e-01
7.496630983951677596e-01
8.969696969696970834e-01
6.904060642489815436e-01
9.733333333333332726e-01
4.893398268398268525e-01
5.368819776714512937e-01
5.591616473858020964e-01
9.047619047619047672e-01
7.547665755806380883e-01
3.852900403785470829e-01
9.166666666666666297e-01
3.214338000818889318e-01
7.510900257209629505e-01
7.828501400560223811e-01
8.722222222222221211e-01
8.786324786324785086e-01
2.518037439613526329e-01
5.483284870026330360e-01
7.046536796536796432e-01
8.752464985994399260e-01
9.000000000000000222e-01
9.272727272727273595e-01
4.918847690063771760e-01
7.341268234689286576e-01
7.645002658160552356e-01
7.010597397771310968e-01
1.648672152569426175e-01
4.761904761904761640e-01
5.279601402182046987e-01
4.252985654248873648e-01
8.283992150266330512e-01
3.983993935664531527e-01
1.587947999712705505e-01
7.272193573041874082e-01
8.227777777777778301e-01
7.357150451887294329e-01
6.486068392581271214e-01
7.940590111642742421e-01
7.936430236430236373e-01
7.454986589497458738e-01
4.874256208318009098e-01
8.095238095238095344e-01
5.463656465609877388e-01
9.285714285714286031e-01
6.134411958671821541e-01
4.801791928892769623e-01
4.124999999999999778e-01
6.526739926739926201e-01
6.202482269503545309e-01
8.224520577461754689e-01
9.148351648351648047e-01
7.355917090156220972e-01
7.305978835978834685e-01
3.530165567371113533e-01
2.242424242424242153e-01
3.991032607761435536e-01
7.869751301330248916e-01
6.925916244531804544e-01
7.839721644267992895e-01
4.844638980988194565e-01
4.330956965196502972e-01
3.696804924636064582e-01
3.014478577117146729e-01
1.000000000000000000e+00
7.441703895016054116e-01
6.439220563205947379e-01
7.518454696748718691e-01
8.444444444444444420e-01
8.322222222222220855e-01
6.389425287356321759e-01
6.911714597246830794e-01
4.937972395310334939e-01
3.926545075278446428e-01
6.942915429591447474e-01
3.744135320682244195e-01
6.138888888888889284e-01
5.264612511671333817e-01
8.333333333333333703e-01
8.014285714285713791e-01
7.688414820473644662e-01
8.829988851727981203e-01
7.870851370851370543e-01
1.992648210285558608e-01
2.874320053083060933e-01
3.474079347316638700e-01
5.036164557605272707e-01
2.045291556131980659e-01
8.779624893435636901e-01
9.746376811594202882e-01
2.706104971820753602e-01
3.897333353721303406e-01
5.227180494943652889e-01
2.791200509188951906e-01
2.881109499892474113e-01
7.673144949414180127e-01
7.771202431365771268e-01
4.662518853695324372e-01
7.274074383156393653e-01
5.275109734036007580e-01
8.097502497502497842e-01
1.569932079414838033e-01
6.592562369841471481e-01
3.460668498168498197e-01
2.680032370730044966e-01
7.023270846800258038e-01
1.682316118935837240e-02
8.161413043478262797e-01
7.098214285714286031e-01
8.615196078431373028e-01
7.436090225563910527e-01
5.173936767218804134e-01
4.041863872561546889e-01
2.901821035431716433e-01
7.568372803666921778e-01
1.726297485351289962e-01
8.188227960102960612e-01
8.635330261136713315e-01
6.514391858141858060e-01
4.605801222373752113e-01
5.676363636363637166e-01
9.211428571428571521e-01
2.919246031746031700e-01
6.657329598506068757e-01
7.063888521793926234e-01
3.893060321680854585e-01
5.271580978322550903e-01
2.387798654182117508e-01
5.053269146614584040e-01
5.385098684544677994e-01
5.705528223940098398e-01
5.769667832167832966e-01
7.814327485380117011e-01
8.298949579831932377e-01
6.762124542124541282e-01
6.666907166907165561e-01
6.600713012477719133e-01
8.095479314849842734e-01
8.574732620320855148e-01
7.554894217891651165e-01
4.399771298080079052e-01
7.094879202503200366e-01
6.467833507488680578e-01
6.845587428546349162e-01
5.588632047612557274e-01
8.669230769230770184e-01
7.820979020979021978e-01
2.594831850869002698e-01
6.738291380625478499e-01
8.048214069430106310e-01
4.794614514973282171e-01
7.948678017718716626e-01
8.419449300699302086e-01
7.980572993360717238e-01
3.728843660876328681e-01
4.351131477218433963e-01
6.995131368121063620e-01
5.641128946930499266e-01
5.197480361273463245e-01
3.103801169590643116e-01
4.242156862745097290e-01
5.712438423645319618e-01
8.223307136619830704e-01
6.644367588932806878e-01
5.893650793650794251e-01
8.499999999999999778e-01
8.091669673443497857e-01
1.300000000000000044e-01
5.249457029188487889e-01
7.574675324675324006e-01
4.832543203362537620e-01
7.953560446935127315e-01
5.950956718719877525e-01
7.229437229437228885e-01
7.212830887689613002e-01
7.934207446952197262e-01
4.444761661110841477e-01
6.096668959981653702e-01
8.747863247863246761e-01
4.603955814300642047e-01
8.197785662940024753e-01
4.736927528753738237e-01
7.758441558441557806e-01
4.290551351891264131e-01
7.428274810591883881e-01
4.263462822203846203e-01
7.499735469476171978e-01
5.789998407389711499e-01
4.260142019478180830e-01
6.633037970178997655e-01
1.731254248776534221e-01
8.080086060097592116e-01
5.068764896739368364e-01
6.064662088306063126e-01
5.278965448473407207e-01
7.919758672699848123e-01
5.062602412711910693e-01
8.198385263814815804e-01
4.837115059806706974e-01
1.000000000000000000e+00
5.965658256534395187e-01
6.535605465495488708e-01
3.686544517062376736e-01
6.911161849748583830e-01
5.111077075355778820e-01
8.018650793650794473e-01
4.679519065560255875e-01
5.657114624505928946e-01
6.669799498746866728e-01
7.346352306104628749e-01
5.869094575519258061e-01
9.178885941644562285e-01
7.065166016778918756e-01
6.883610868573274422e-01
5.040675954469058251e-01
7.402983248635421898e-01
4.732467532467531934e-01
8.553030303030302317e-01
7.194523405287412965e-01
7.879802550390786475e-01
5.924580395316902948e-01
5.705765410517220637e-01
7.798293625728315304e-01
5.389991384885001180e-01
6.000000000000001166e-02
5.774823087129589139e-01
3.711111111111110583e-01
7.255707198095142640e-01
5.508435681965094810e-01
4.713528604372756448e-01
5.893919942485943420e-01
8.228759398496240385e-01
6.724608724608723831e-01
4.834751489928835744e-01
7.812930700735578604e-01
5.103654363294543028e-01
5.428146182774737927e-01
7.678571428571429047e-01
8.683035714285715079e-01
5.821840050750994866e-01
6.851996265692038568e-01
6.559440559440559149e-01
4.982593706378872223e-01
5.646145308631436016e-02
6.664186444691353461e-01
7.780748663101604290e-01
3.376893952425364942e-01
8.742857142857142216e-01
4.204148001790596334e-01
3.762659933455197447e-01
7.300717703349282051e-01
7.316666666666666874e-01
5.274350649350649789e-01
1.863856154831804168e-01
4.136188811188811210e-01
7.797457164087771009e-01
4.525948805361513227e-01
5.946581196581196549e-01
7.473617748245249270e-01
8.045851453681349685e-01
6.490872122122122168e-01
7.500520532099479443e-01
4.509391147541431666e-01
8.519480519480520098e-01
1.980567811453783356e-01
6.590758393827448325e-01
9.250000000000000444e-01
3.564506150359148529e-01
7.681390321295239465e-01
4.386978380791979326e-01
7.188888888888889106e-01
6.337972279082677574e-01
4.000000000000000222e-01
2.859013630593658095e-01
3.126963167639896790e-01
7.458134435475820556e-01
8.416666666666665630e-01
8.744122671708878247e-01
5.781591562276102714e-01
5.909731217549054616e-01
8.220644634493060599e-01
3.107142857142857206e-01
4.233869680919649658e-01
3.847986947760183574e-01
7.334183218742043042e-01
4.460903788865834274e-01
3.992798138002106034e-01
6.503255443682878223e-01
6.871706250738508492e-01
1.209499080869361476e-01
8.539682539682539320e-01
7.309708593776856889e-01
8.202020202020202655e-01
5.318450989558983766e-01
8.421682249454803815e-01
7.190476190476190466e-01
4.270962703274701622e-01
8.644603222864091219e-01
5.813874469691561186e-01
7.709926900584795906e-01
3.162006486805248318e-01
7.354864590871762475e-01
4.587775528565002370e-01
7.995974885680768862e-01
7.682602988409439337e-01
9.252747252747252071e-01
2.846747774069755543e-01
6.014804639804640640e-01
1.296241788487419444e-01
4.406518336314848017e-01
4.517907137748810587e-01
8.381353382056607737e-01
5.984461152882205592e-01
8.049168388156152654e-01
4.991394335511983305e-01
6.992144506302929718e-01
7.782102418829082158e-01
4.858792340597442028e-01
4.912307852965748234e-01
4.904980193898923480e-01
5.661561651052016142e-01
6.556233195619385334e-01
9.092857142857143637e-01
4.717850739438215202e-01
7.226874003189791562e-01
4.872786627738272536e-01
6.455157342657342756e-01
6.480410035366931387e-01
4.139854702361375760e-01
3.542812956763402576e-01
8.147412008281573748e-01
2.710466064150274801e-01
5.195827271209195741e-01
2.525823333349007105e-01
5.824803216107563575e-01
2.408162999947989769e-01
9.010101010101010388e-01
7.110183576037234499e-01
7.316167598402254502e-01
8.537480063795852558e-01
6.531468041762159560e-01
7.142222222222222028e-01
9.047619047619047672e-01
4.564845938375350909e-01
8.028846153846153078e-01
7.511520737327188613e-01
7.800917511169227492e-01
6.208547008547008472e-01
7.709890109890109589e-01
6.835705128205128434e-01
8.722222222222221211e-01
7.888095238095238493e-01
5.787550380653827542e-01
4.927051983584130879e-01
9.197492163009404198e-01
9.384615384615384581e-01
4.681016308085273470e-01
5.709615384615385203e-01
5.752885446873887698e-01
5.747093783800660827e-01
5.338565929684350175e-01
2.157269415514398436e-01
5.636050644591180658e-01
6.087294372294371758e-01
7.344172451589331407e-01
7.715576267672917821e-01
8.592904375826577734e-01
7.803507186115881122e-01
3.563581269387720574e-01
4.737179487179487003e-01
7.285035577449371358e-01
7.422619047619047894e-01
4.703586238323080870e-01
4.471875271088309178e-01
7.718899521531100705e-01
7.819493586908446980e-01
7.840480405663934338e-01
5.004695677648254293e-01
6.314010150703699420e-01
7.039682539682538820e-02
7.059535346705730907e-01
4.968659273578336644e-02
2.068625277161862674e-01
5.614091318038686440e-01
8.017753623188406120e-01
5.204622662132132316e-01
4.228560214833684272e-01
3.089869710182923668e-01
5.832467437530558518e-01
9.000000000000000222e-01
2.268254984746043701e-01
3.718400861488760367e-01
7.920309112989143419e-01
6.242424242424241543e-01
3.523900976227646864e-01
3.030562091190619478e-01
4.398308902701921208e-01
7.721794871794871451e-01
4.734908390411255441e-01
7.395338359526252292e-01
6.177749418778343271e-01
3.944320076208620574e-01
4.395936329117106633e-01
6.700000000000000400e-01
6.291243315508021627e-01
8.206349206349206060e-01
5.442424242424241942e-01
7.408691575790736783e-01
2.428173169349639726e-01
7.912231101659868981e-01
8.238123372703188840e-01
6.952862563933344120e-01
9.022727272727273373e-01
8.610101010101010033e-01
7.430786122090469181e-01
7.390768087584451695e-01
8.586474052263526335e-01
7.981359649122806710e-01
5.418413764443175129e-01
7.434401220442410363e-01
8.487500000000001155e-01
2.538681631591342969e-01
5.326215155419908864e-01
4.313970756470756340e-01
4.410714285714285587e-01
3.609583136827373973e-01
4.154167941205256787e-01
6.471794871794871451e-01
6.157082107786372438e-01
7.896103896103895403e-01
7.943131106434235811e-01
6.076089427813564647e-01
6.481074019738268799e-01
6.501165501165500071e-01
6.694876005220833370e-01
4.386195152180096812e-01
1.695201361284373320e-01
7.198412698412698374e-01
6.068860551213492993e-01
6.592031370175136518e-01
8.325000000000001288e-01
7.572727272727273196e-01
5.009243337954122355e-01
7.605869980165147481e-01
2.345154300161950700e-01
2.765561974257626510e-01
6.069101181867820882e-01
2.916747447951910654e-01
7.022727272727272707e-01
5.493499513909350096e-01
8.111824769433464422e-01
4.749999999999999778e-01
7.213957450847450215e-01
4.925563455740801788e-01
9.400000000000000577e-01
6.510023310023309584e-01
8.535484639199809598e-01
8.184006211180123724e-01
9.333333333333333481e-01
8.564912280701753033e-01
7.266310453795659097e-01
5.138701298701298104e-01
5.261859842708385138e-01
6.439766081871345360e-01
7.007115678531621317e-01
6.861934535858336126e-01
5.999999999999999778e-01
3.951688877922338028e-01
7.476978818283165351e-01
8.039673913043479114e-01
7.236363636363637442e-01
7.612834300791269104e-01
6.174825174825174789e-01
4.506138975966562654e-01
7.512242096420596038e-01
7.708333333333332593e-01
5.100190627379613817e-01
8.722077922077922096e-01
6.011615245009074293e-01
7.503030303030303605e-01
8.777197440240916970e-01
6.638134338403554047e-01
6.534836021792542748e-01
9.666666666666665630e-01
8.428181057719120739e-01
8.001511426559198004e-01
3.414206941767886083e-01
7.075967510750120759e-01
8.473998294970161993e-01
5.746310469209298111e-01
2.721266572862731659e-01
9.164149694875376451e-01
5.697984368572603930e-01
5.879272714803733813e-01
2.218401056687650252e-01
6.029885492705291394e-01
6.661485444380181864e-01
6.636666666666666270e-01
1.156144906144906115e-01
6.277781579034776849e-01
5.090367965367964542e-01
7.812987804498839894e-01
7.734078299867773731e-01
5.634321475625823084e-01
8.499999999999999778e-01
8.397264957264958252e-01
8.135798229548228955e-01
5.285829493087557118e-01
5.496016382515238607e-01
5.831903851525944704e-01
6.530303030303029610e-01
7.216735205577221590e-01
1.711242872882385579e-01
4.106327814127734288e-01
5.104848990878402271e-01
8.263636363636364113e-01
1.509832843659644763e-01
5.538297757922443498e-01
3.278881670060472264e-01
7.474403944044124559e-01
7.289045557200759529e-01
7.385505546347060912e-01
6.367397277974302661e-01
6.314838786240278834e-01
6.903743315508021894e-01
7.541843986366214558e-01
7.509562092445855319e-02
9.157142857142858139e-01
5.760216482667757099e-01
8.338136755640344067e-01
8.181695755225166788e-01
6.305738208774132048e-01
7.781512605042015807e-01
4.729893576870299876e-01
