4.324357015533486504e-01
4.344641010281719007e-01
2.353255892937563265e-01
2.513762012122013334e-01
4.785752561614630696e-01
4.092991230669208724e-02
1.445520561851765251e-01
1.660635234330886667e-01
2.546420986420986354e-01
2.177347282160224662e-01
9.856843800322061255e-02
2.973437214636185377e-01
1.718855353835727906e-01
2.364727286596607081e-01
1.870127219488217640e-01
1.298930704938691116e-01
1.250000000000000000e-01
1.446406690108042459e-01
1.606595223997449307e-01
1.072222222222222188e-01
2.333333333333333370e-01
3.244183833860398436e-01
2.653247283986747140e-01
3.086876612703368106e-01
1.257297137382586971e-01
1.970856762686811758e-01
1.426624312256101756e-01
2.216437148069456131e-01
6.914285714285715034e-01
4.062850140056021853e-01
1.095810276679841933e-01
1.683296734669906536e-01
2.101587989692227931e-01
1.530397027914056074e-01
1.149789423582325831e-01
2.068754774637127439e-02
8.694254333265735712e-02
5.333333333333333259e-01
3.036958792478708369e-01
1.888552516988236396e-01
1.541926584100037356e-01
3.025932720680275523e-01
1.214000814000814332e-01
3.055748821247473712e-01
3.298661324603592293e-01
1.438193523023244269e-01
9.318608075641324207e-02
1.592177559282822452e-01
4.497306052663623821e-01
1.292912555788443829e-01
1.584768740031897716e-01
1.901227235762339984e-01
1.164177978883861320e-01
1.396221105724360645e-01
3.219594055127344423e-01
1.201647710444330580e-01
2.907296914907991914e-01
4.663135257498584596e-01
2.785142714728496838e-01
1.060380078707146428e-01
1.564135019640135460e-01
3.279532174544039780e-01
4.609458257065959796e-01
1.537833819723253559e-01
6.722566391277932929e-02
1.909671884109336304e-01
1.800792072403584465e-01
1.133817009178450241e-01
2.985216921485117636e-01
4.972431073898760934e-01
1.428699838949113732e-01
1.255228455754771599e-01
6.224471635150167353e-02
2.341127189339281822e-01
1.797679819490487496e-01
2.160312759601299981e-01
1.050710108604845372e-01
2.937525767886009498e-01
1.970018281632587576e-01
2.498238537565965200e-01
1.835789629134041145e-01
1.331921567298561815e-01
4.061581061581061303e-02
2.185341090138691322e-01
3.048670232551552450e-01
1.787952688044221194e-01
3.099812980555102238e-01
1.490172975172975312e-01
9.525540276880267720e-02
2.234811989923322084e-01
3.729473184825528032e-01
8.058599455911825971e-02
2.485247106597436861e-01
2.687710541441438172e-01
3.475540262462375463e-01
1.290639930121165457e-01
3.589534025337638434e-01
1.568245237049585017e-01
1.360399231587399727e-01
2.373009254814617552e-01
3.827720499248087327e-01
1.285090234104245277e-01
7.357333235124827175e-02
5.091376069484054856e-01
8.667788502972806342e-02
1.902864679180468477e-01
3.440715913236648271e-01
2.843137254901960745e-02
2.857113017281753264e-01
2.105488692342140644e-01
3.363969363969364079e-01
2.697031787830138638e-01
7.821073959573947298e-02
3.213707696247552481e-01
2.783359382552931249e-01
2.269357931711019349e-01
1.050090526832671844e-01
1.274758946228658207e-01
7.293924466338259915e-02
1.213043769973692204e-01
4.288317962231005115e-02
2.113999682186556428e-01
