2.969034104870018065e-01
4.711446373674633703e-01
3.646486579616137202e-01
2.843118272426911064e-01
5.288016417020500182e-01
1.267246435433309892e-01
2.316870457650216653e-01
1.316858664684751601e-01
3.318845170175093728e-01
4.653775960783747001e-01
2.484330484330484479e-01
3.800153198235492469e-01
3.040895005345133351e-01
2.036291585570471074e-01
1.959320648158569544e-01
1.851858911257610318e-01
4.083333333333333259e-01
1.730425766504598839e-01
2.459687913790412905e-01
3.885714285714285676e-01
3.461616161616161702e-01
3.237027162725431007e-01
3.159266637661208854e-01
2.565074493349231988e-01
2.358079049598736654e-01
3.790988822556601301e-01
1.303240878590816720e-01
3.972384459884460428e-01
2.420512820512820407e-01
3.592147481001969900e-01
1.511988011988011915e-01
3.306786821134558019e-01
3.301237267656150776e-01
2.414392304037975001e-01
1.325960435123170744e-01
9.722542242703532955e-02
1.958122810713247008e-01
3.333333333333333148e-01
4.927970659450223723e-01
1.702380583544237103e-01
2.862389532418616045e-01
3.144428873314138451e-01
1.617449791587722840e-01
5.564657101428520658e-01
4.813586260808874195e-01
2.241993620414672872e-01
2.230184101612672776e-01
4.722412891298711779e-01
5.263697863509559927e-01
1.631308271041592151e-01
2.262223119606347477e-01
1.276056207944752940e-01
1.193589743589743568e-01
2.125968110237275166e-01
4.842281738729693474e-01
3.010456897152464784e-01
4.369226850354134828e-01
3.587480126694894134e-01
3.747692148078058394e-01
2.422862924039394517e-01
2.031074486459458206e-01
3.835143001053164524e-01
4.200330303513048480e-01
1.933663401394393744e-01
1.896788765209817540e-01
1.144486200317740288e-01
2.589395035987160920e-01
1.751437528751181305e-01
3.876035196687370732e-01
3.527272727272727226e-01
1.710655935834013985e-01
3.447553314231871502e-01
2.551455700182355679e-01
3.921024067629064191e-01
2.496298557642514238e-01
3.627757671664125216e-01
2.325646412411118136e-01
3.206987182358096988e-01
2.393423159390011268e-01
4.389524973280132802e-01
3.244509853428114154e-01
1.695552780593464481e-01
2.481867822114308120e-01
2.540625777479225689e-01
2.830398098255240691e-01
3.776599525569778182e-01
4.655153759067024444e-01
3.270552104899931423e-01
1.117355118503319256e-01
2.322493532211394318e-01
5.616159907266753404e-01
1.630793561182485307e-01
1.867682322034059372e-01
3.657470208070432993e-01
3.990605805456622357e-01
2.110801736962727715e-01
3.083934365607702288e-01
2.784037169726824579e-01
1.456310276268882320e-01
3.696791894466312511e-01
5.360788410555491490e-01
1.689963224591415347e-01
1.989379430223508494e-01
5.574417989417990160e-01
9.244061387123368723e-02
4.566597120712770352e-01
4.348809694837793560e-01
3.363265900765901040e-01
3.606622732213701221e-01
2.410256410256410020e-01
3.682846320346320201e-01
2.525971933061809116e-01
1.272897637894810641e-01
3.968520417942883460e-01
2.420153183924829976e-01
2.156970362895149207e-01
1.159915305634596078e-01
1.227960666866097367e-01
8.703170703170703959e-02
8.740887665036270460e-02
5.938997821350762429e-02
1.726334086295009118e-01
