3.161477411477411348e-01
3.615155181579864374e-01
4.156071899654992796e-01
2.155939896842007930e-01
3.665260563637622315e-01
5.398785425101214341e-02
2.484305841498482825e-01
1.133257005400779560e-01
3.953953570795676331e-01
3.606747977810705330e-01
2.107761674718196532e-01
1.832491056600921431e-01
3.114000388412399012e-01
1.868705204438296241e-01
2.976516283979809274e-01
6.482726130195090586e-02
2.095238095238095011e-01
8.290775648742838844e-02
2.104652403228090274e-01
2.611507936507936334e-01
3.022377622377622197e-01
3.389225277995679964e-01
3.616662504832794389e-01
3.011716460303312526e-01
8.280899786519901884e-02
1.208005763970195490e-01
1.219905437051924946e-01
3.546903048814847303e-01
6.972222222222221877e-01
4.776222307104660558e-01
2.284848484848484573e-01
2.926598201502453311e-01
2.089175142079438829e-01
2.288849755037572764e-01
1.107056387978192918e-01
1.038948819997207035e-01
1.862660912412756886e-01
2.999999999999999889e-01
3.501625468555060738e-01
1.297951845992265374e-01
2.233775218372264226e-01
2.945026176290526654e-01
1.161509456362397330e-01
3.601467312880356486e-01
4.181256545386980439e-01
2.160294117647058587e-01
1.999173770450366205e-01
2.343267700041893331e-01
4.185815555239661978e-01
2.095608719084275928e-01
2.373984426306407491e-01
2.263578059455120806e-01
6.038791030170340829e-02
2.035117722430636600e-01
4.861087020672155146e-01
3.242647858897859114e-01
2.891302014219968020e-01
2.921374181374181145e-01
3.309413671676049162e-01
3.169660964728944763e-01
8.942977395008744335e-02
3.722583912422036123e-01
3.528466181868969431e-01
2.465057855998189495e-01
1.657926138236017477e-01
1.198477043422819383e-01
2.566438817509610892e-01
1.438192707871837339e-01
4.194356851725272728e-01
4.618526920750151143e-01
1.187179277807128841e-01
3.299772727272727302e-01
2.766633741905019650e-01
3.019808033922019574e-01
2.437301626486478301e-01
2.990163496906057539e-01
1.277694235588972549e-01
2.941780105082302255e-01
2.122370632782541455e-01
3.630488303347604306e-01
2.628156422887481525e-01
8.010196250957261899e-02
2.697780033886048034e-01
1.843353954890686597e-01
4.099748594004809510e-01
2.362340256997007282e-01
4.690042029488430408e-01
2.071270468661772779e-01
5.076067741287569601e-02
2.624111872516511346e-01
4.823359366064533527e-01
1.245025956028249919e-01
1.605205912210568298e-01
3.371014045377372925e-01
4.337577129168677104e-01
1.286926258927482969e-01
3.399003922547767509e-01
2.838683418031243688e-01
6.103381145163160049e-02
3.365636335140979041e-01
4.247443193056597011e-01
6.780036233513850319e-02
3.110652786640062950e-01
4.673659379376157164e-01
1.500596811458780079e-02
4.768263084537145424e-01
4.395972083472082792e-01
1.049754901960784359e-01
2.481759538018394884e-01
2.516279662366619485e-01
5.552380952380953083e-01
1.531831472620946433e-01
1.742751407273826214e-01
4.266305996009054913e-01
3.111567561807331850e-01
1.759631323731109809e-01
2.114411565694869766e-01
2.670017673693125260e-01
7.508846940535744696e-02
1.104467049977886084e-01
4.085747683059196694e-02
2.386687386687386669e-01
