3.734663375839846200e-01
3.887707827707828079e-01
4.376666890278505528e-01
2.449678648775128198e-01
4.958667907964855459e-01
1.074732620320855564e-01
2.744178068112224089e-01
1.586335403726708004e-01
3.415416634631401882e-01
2.740908763103885315e-01
2.900873507297656029e-01
2.616980039795600566e-01
2.805556232684643936e-01
2.716216521740862921e-01
3.175993752021070149e-01
1.356081082000863969e-01
4.249999999999999889e-01
1.942538947971112762e-01
2.915595055493620524e-01
3.642857142857143238e-01
3.665811965811965889e-01
4.164505344295360567e-01
3.344679969699203004e-01
3.728018704104401060e-01
1.850836695741222560e-01
2.498989509137104770e-01
2.363082722457722495e-01
3.568700699835642420e-01
7.852813852813852469e-01
4.371797994560142619e-01
2.496969696969696673e-01
3.128346304665149402e-01
3.405982109924910461e-01
2.550104415118132350e-01
1.566615065262465523e-01
1.348144272816130529e-01
1.804261229128522326e-01
3.833333333333333037e-01
4.525113071600220804e-01
1.969895178446287587e-01
2.618658681113472109e-01
3.324773948524534228e-01
2.708834976451168219e-01
4.125466506916105058e-01
4.053179316416809508e-01
1.997076023391812782e-01
2.115105016365520230e-01
3.437319926450361218e-01
5.440119254692056261e-01
2.505742579345064391e-01
1.980472013366750272e-01
1.784790335522600802e-01
1.243325365049666453e-01
2.342664406866230009e-01
4.925535667623088254e-01
3.411638378712544273e-01
3.644386908793443847e-01
4.131499892189546830e-01
3.862965250160534381e-01
3.351607758918876412e-01
1.495427732394497000e-01
3.368205491333930435e-01
4.339723201493448923e-01
2.789102296713700802e-01
2.165651101145324442e-01
1.160038915254545805e-01
3.151971118700223617e-01
2.066685052329833017e-01
4.517770250045791691e-01
5.301683501683501776e-01
2.064409499555195371e-01
2.922522191430859673e-01
3.241104929792783529e-01
2.863157159549576392e-01
2.624775924224217460e-01
3.294556919430741138e-01
1.748599439775910536e-01
3.394701398074821408e-01
2.525306323673300879e-01
3.561907682178659940e-01
3.140597152664651448e-01
1.860473780316425074e-01
3.103993948209743947e-01
2.049240313462281082e-01
3.848090666627101419e-01
3.167287784679088669e-01
4.888119800950683214e-01
2.584072849347448519e-01
1.858298321273697817e-01
2.976324384378912224e-01
4.335812399771105108e-01
1.881967577946823955e-01
2.575901715690209204e-01
4.582485428129710603e-01
5.524329589518853778e-01
1.730422360824195871e-01
3.648434260235904336e-01
3.382683982683982737e-01
1.802857465492573863e-01
3.906150847435748141e-01
4.270633503562840660e-01
8.729793124529967863e-02
3.754104229576636920e-01
4.585556662169565922e-01
1.176485904352081446e-01
5.028187852261774005e-01
4.642260540353161380e-01
1.372592113768584254e-01
2.575331995271697982e-01
6.150501507884736929e-01
4.318614718614718351e-01
4.151262630247874452e-01
2.196792674782113985e-01
3.899310392736280440e-01
4.244789693065555980e-01
2.714279512878966516e-01
2.081959219615391044e-01
2.585604844776959732e-01
1.193859649122807065e-01
3.628745526918901732e-01
5.699480116039808142e-02
2.145977790325616363e-01
