8.401606756947641030e-02
1.478454423332886403e-01
2.730027136816168820e-01
2.590528186058792537e-01
1.495945767997820530e-01
2.650475341651812311e-01
3.859747851145949871e-01
2.930376975902713177e-01
1.034337262382125922e-01
4.860129890887024406e-01
0.000000000000000000e+00
3.093269230769230549e-01
3.945979020979021312e-01
6.003832896023049148e-01
2.089821422686630181e-01
4.945761314614648407e-01
3.762216112061313456e-01
2.104659640301231038e-01
7.522142857142857242e-01
2.018253968253968245e-01
1.933845029239766034e-01
4.616263734178019940e-01
4.200000000000000400e-01
5.344381914381914900e-01
3.998701298701298756e-01
7.791863871985575951e-01
2.146855964185998000e-01
2.680754686943311316e-01
5.870257752223696501e-01
3.130769230769230860e-01
3.352380952380952239e-01
1.889006002049480326e-01
6.776239602130580686e-02
6.227320718739483008e-01
5.767085897348463996e-01
2.999999999999999889e-01
3.570512820512820040e-01
3.413431891671759866e-01
3.072020249302196970e-01
4.739767840854797187e-01
7.436768774703557128e-01
7.141757101862535040e-02
2.933766233766234022e-01
3.445573154867795918e-01
7.995657468859927730e-02
6.780836232342399850e-01
3.009346974864216678e-02
4.107142857142857123e-02
2.000342436560573200e-01
3.171230158730158899e-01
4.470063218515230585e-01
3.926280402554441773e-01
5.106815537403772698e-01
5.307199350677611616e-01
3.681857661394866144e-01
9.409350368870608716e-02
4.463127515759094943e-01
3.506005971365896978e-01
3.843438914027149655e-01
4.436229808938973451e-01
1.275101978776006506e-01
1.795329670329670335e-01
2.920347744360901610e-01
4.807297307046584089e-01
4.243609022556390498e-01
7.125095347063309381e-01
3.234916182461764489e-01
5.848871093299503610e-01
7.943143812709030360e-02
1.351981351981351998e-01
1.293958035427946185e-01
4.238116955508259842e-01
4.695033037138299226e-01
2.332783407986989688e-01
1.847533137946741066e-01
1.709028598879199223e-01
1.206636155606407163e-01
3.478295625852450002e-01
8.000000000000000444e-01
3.038919708410136589e-01
1.858858329868918469e-01
4.751341947047031944e-01
3.209523809523809890e-01
3.766813083621143310e-01
4.537583943833943256e-01
3.019812507956516345e-01
5.861185851658996526e-01
4.068800347312732102e-01
4.878306342780026061e-01
1.350557413600891876e-01
3.321872571872571678e-01
2.148949579831932744e-01
3.790909090909090895e-01
4.610389610389610260e-01
5.676476537233658970e-01
6.160024813895782492e-01
3.746800258564964570e-01
6.400210094252205273e-02
3.414828496785018430e-01
2.291685915514955485e-01
6.180926916221033546e-02
6.548615662269927085e-02
6.903456313801140665e-01
8.041666666666668073e-01
1.227021664521664446e-01
1.831261359852919823e-01
2.697435897435897512e-01
1.083728903945660182e-01
4.248519321420370920e-01
1.798698700011276685e-01
2.820126748251748361e-01
3.179185520361991202e-01
1.731514950613013415e-01
2.070749988177991996e-01
4.076623376623376704e-01
1.941496598639455562e-02
3.133297017587070021e-01
4.262889161610388666e-01
7.988824550942054403e-02
2.208913308913308948e-01
1.492598697598697677e-01
3.470377122877122966e-01
3.589926739926739829e-01
4.169454156954157109e-01
3.541018884497145192e-01
4.655531374142435896e-01
1.984662000359674605e-01
1.113068164473884902e-01
1.714499484004127772e-01
5.192747088865810184e-02
2.405061092251602195e-01
8.438888888888887996e-01
4.052590698114994505e-01
3.181079613337677858e-01
4.738266081744342273e-01
6.988658514974304126e-01
2.374603174603174549e-01
2.644918024772834331e-01
4.008471657010158617e-01
2.170417719417903901e-01
4.812972386882520826e-01
4.931387998479731111e-02
4.632081262493217833e-01
1.154672844485662431e-01
5.284863547016704910e-01
1.703409090909090984e-01
2.796241891309246830e-01
3.541762930234105822e-01
3.286625252142493236e-01
6.440601503759398883e-01
4.306535947712418211e-01
5.046733423885590986e-01
6.885083526060969961e-01
6.400301695790668877e-01
5.517009719839908177e-01
4.222348560175729903e-01
1.228450439677588324e-01
2.507597628348566809e-01
3.780921677980501050e-01
3.309141809306488935e-01
3.821996059496058917e-01
8.297729680576333700e-02
4.144704570791527543e-01
3.143835236960875190e-01
1.538270899668878755e-01
2.402555399595328878e-01
6.441626107275385538e-01
2.439228953579858639e-01
1.453949013949014102e-01
1.764232262953490671e-01
3.370573318590738277e-01
4.831113059169367396e-01
4.295328395993521786e-01
1.575115207373271875e-01
1.590621335186552521e-01
5.038974358974359635e-01
4.567041479260369741e-01
5.114317545199897896e-01
1.543650793650793440e-01
2.842857142857143637e-01
4.239447418066946693e-01
0.000000000000000000e+00
4.897067949541712428e-01
3.466738816738816342e-01
5.895382348652870030e-01
4.594374168194074182e-01
3.296471291866028830e-01
1.015151515151515166e-01
2.169351463045506301e-01
4.836509403033543153e-01
3.403355444896200566e-01
3.326135921700803522e-01
3.347619047619047050e-01
3.550523555126038344e-01
3.618297798835593548e-01
2.219011052043166621e-01
6.175458211882894899e-01
4.065153586733251667e-01
6.196808673637941300e-01
3.255848837173742627e-01
2.777117718847161854e-01
1.237493466286035682e-01
2.514491198096999169e-01
3.521941912477836167e-01
7.379703356968811412e-02
4.293762193593962939e-01
2.805304141183434519e-01
5.182288973807624988e-01
1.100374610050805224e-01
1.877182539682539508e-01
2.165819088615660026e-01
4.876073314536957248e-01
1.875241058677591111e-01
8.000000000000000444e-01
1.075104627277426450e-01
1.956834466484835278e-01
4.574203158161179172e-01
4.012455566923652239e-01
8.874894483982806448e-02
2.874863741759521307e-01
7.986540111540112175e-02
4.104264241505621302e-01
5.453503485761550529e-01
5.454583517617572763e-01
3.793505887471404492e-01
6.343657511543397964e-01
5.491168091168090459e-01
5.217731492511211711e-01
5.440519750519751119e-01
5.261310352008026214e-01
2.057575757575757502e-01
4.035537561853351218e-01
4.319480519480519698e-01
3.927672327672327990e-01
4.113047079370500403e-01
2.129088976704448799e-01
6.195524321301295601e-01
3.610483680852039079e-01
7.499999999999999722e-02
1.628008021390374427e-01
1.194444444444444364e-01
2.797212330409794556e-01
2.605553510816668861e-01
1.673918918918919085e-01
1.868681447946831109e-01
2.842097485847485672e-01
2.084429824561403188e-01
8.376373626373626036e-02
2.861517465762749013e-01
1.143706047303783835e-01
4.143306687199593275e-01
3.595238095238094678e-01
4.306643193427913685e-01
3.127422811281114212e-01
2.416712582727947589e-01
4.342455491368534259e-01
3.760079116286013101e-01
2.012545510257180703e-01
5.014283703912186807e-01
3.522727272727272929e-01
1.442525702679155475e-01
1.733333333333333393e-01
4.580027104423770590e-01
3.113127585275890508e-01
2.881020733652312482e-01
3.049145299145298860e-01
2.416317016317016397e-01
8.328348279469480198e-02
1.568498168498168588e-01
5.135275050763772331e-01
4.697068535762864983e-01
3.956043956043956422e-01
4.962964949684408600e-01
4.592174763618818156e-01
4.379939605259405289e-01
3.508913308913308993e-01
3.381726756955322211e-01
3.863636363636363535e-01
6.061747630837530793e-02
5.526086956521738536e-01
4.000000000000000222e-01
2.076897273247874376e-01
4.846178871558014523e-01
3.978073775939527379e-01
3.278846153846153855e-01
3.358455125307019395e-01
2.500000000000000000e-01
3.405453081540038007e-01
2.070099842390273059e-01
4.042070040494530336e-01
3.325000000000000178e-01
4.525047384874171241e-01
4.029270010597262308e-01
2.314949016375660307e-01
4.931242328590053070e-01
3.333333333333333287e-02
1.251232580205068889e-01
3.133251180911837963e-01
2.456666608731153389e-01
1.418945438663714032e-01
2.188216970432340924e-01
1.749721912812291225e-01
3.142694388100067959e-01
7.759382759825457498e-02
6.095238095238094678e-01
4.868988168176068276e-01
2.755263157894736747e-01
3.706244824016563522e-01
5.738593099152641264e-01
1.404736265215468238e-01
4.542715824286618909e-01
5.565426290004317211e-01
4.378516832909823964e-01
4.114748677248677433e-01
9.961514458081963119e-02
4.954404417669252547e-01
9.216616716616717053e-02
4.135201971451971659e-01
2.219724598853455577e-01
7.492307692307692557e-01
2.166625651610171455e-01
2.387993172977692924e-01
5.390335759206067723e-02
1.855728415103415074e-01
2.378697174348200216e-01
5.118619086917886030e-01
5.379166666666665986e-01
3.921902795036901201e-01
4.962986798203516403e-01
2.970716426015890810e-01
4.601704328876966565e-01
9.118804502787718202e-02
5.496103896103895353e-02
4.877177189066784213e-01
3.830059463327771807e-01
4.445465587044533651e-01
5.456712048016395533e-01
5.071453057601059689e-01
4.772792207792207475e-01
1.230459934251142695e-01
1.427192982456140236e-01
2.044003012753012882e-01
4.256931845888606292e-01
4.161358715824666210e-01
6.090466566273018412e-01
2.652954355585934731e-01
1.618435512606416216e-01
3.922770933328695864e-01
3.734019636905884232e-01
5.528494438711156755e-02
3.320634920634920606e-01
2.512219726160018762e-01
4.357287781923063763e-01
2.691197691197691477e-01
2.446774964166268662e-01
3.555605578631894081e-01
7.062009569377990514e-01
1.554879227053140023e-01
3.296328671328671578e-01
5.047044817927170968e-01
5.177044970794970613e-01
1.276190476190476042e-01
3.614652014652014467e-01
3.160895473395473054e-01
4.517482517482517279e-01
5.188526872737398987e-01
4.056788888348538125e-01
4.432759494828460989e-01
4.009273609273609762e-01
3.266615737203972802e-01
6.464756993161173693e-01
4.249417249417248854e-01
4.627850019660169067e-01
1.560298992175526700e-01
3.624056574561483890e-01
1.945355091662800961e-01
2.686351816311270957e-01
7.200207200207200953e-02
1.633618362370603538e-01
5.066597943861121944e-01
3.838452020584400270e-01
4.803618241004811162e-01
1.073050525913678693e-01
4.605459491488903545e-01
2.639861079075846440e-01
2.034044386985563446e-01
1.392992424242424365e-01
3.331893535265127992e-01
2.475855413935909299e-01
4.453568653568653057e-01
4.965339030223429040e-01
8.090719218577201166e-02
4.064072578419780091e-01
1.250000000000000069e-02
5.304718347223091879e-01
5.233608424941652709e-02
7.647488335094446144e-02
1.585972850678733226e-01
5.427516470016470196e-01
4.720362717236861738e-01
2.163233385415461174e-01
9.768771865327371962e-02
4.268838767868442519e-01
4.000000000000000222e-01
3.285222613846644490e-01
1.371301896044458957e-01
4.716546054295392421e-01
2.895415695415695656e-01
3.802023330570645787e-01
7.227729022168542794e-02
3.456026278508214089e-01
3.092928810320115240e-01
6.806060376145173230e-02
4.635347618195694852e-01
5.367064614942373968e-01
1.654456654456654408e-01
2.905171753600925832e-01
6.500000000000000222e-01
2.866262626262625623e-01
2.027777777777777790e-01
2.100815850815850594e-01
4.531355903536306018e-01
7.201419569305909929e-02
4.670273933933755117e-01
5.752380941957384586e-01
4.550854700854700674e-01
3.341880341880342220e-01
6.999999999999999556e-01
5.771811763116111438e-01
4.244374217892409318e-01
7.537533349502789637e-01
2.220043698991067127e-01
4.775035304035185613e-01
2.945488198675055846e-01
2.871164274322169363e-01
2.275691124411814426e-01
8.738955413406171435e-02
5.463652113652113229e-01
3.333333333333333703e-01
1.849160886394929093e-01
1.708398031356486713e-01
4.728172412043379902e-01
9.127895492219868789e-02
2.722619047619047605e-01
5.031521470915485406e-01
4.807146514519786140e-01
4.370530575574672061e-01
3.926311188811187902e-01
5.212037836651770562e-01
4.426539617819740258e-01
1.655435477746036166e-01
3.035317460317460414e-01
2.784593837535013772e-01
1.339119722230769083e-01
3.670329670329670058e-01
1.967914438502673669e-01
1.712249508126269526e-01
2.368027754205560831e-01
6.723737972072715841e-02
1.325041958756423277e-01
3.173940645512621783e-01
3.739687923289580218e-01
3.182539682539682335e-01
8.220601510972432024e-02
6.824394167923579779e-01
2.166511276447337653e-01
5.662835875733545077e-01
2.031341991341991393e-01
3.950505050505050408e-01
2.181030897207367758e-01
3.856140294955161529e-01
3.376229946524064163e-01
4.396103896103896180e-01
2.803758477075040667e-01
3.184959273182957351e-01
1.403279030910609959e-01
2.104384276768836715e-01
3.596977298064254480e-01
3.309919397866900037e-01
2.095978825519762001e-01
6.190476190476190688e-02
3.446041369634719742e-01
3.098520948367239902e-01
2.734717000835421574e-01
3.758823529411764452e-01
3.345821867798443594e-01
2.969298245614034881e-01
1.464569927069926947e-01
2.966075471730674207e-01
4.666666666666666741e-01
4.010358828662890507e-01
3.086085972850678982e-01
4.384728607750635332e-01
2.638859180035650898e-01
5.517677865612647947e-01
3.736097917427840254e-01
4.980253583041306387e-01
7.280303030303030276e-01
3.332288673401205825e-01
4.457871751027431273e-01
2.499732285324108572e-01
2.731915014809752074e-01
6.244070961718020119e-01
5.165615537183206873e-01
5.004860056799840390e-02
5.431523322911545604e-01
3.476190476190476053e-01
4.009932212394028417e-01
8.606877005079885401e-02
3.068314024243815608e-01
4.351118925831202189e-01
7.006278588280610009e-01
1.632604119843756030e-01
5.622173913043477800e-01
9.630036630036629963e-02
1.838453870690712755e-01
4.007822806994851272e-01
4.077865604181393211e-01
2.820187165775401295e-01
5.497377103424135880e-01
2.097746390338159073e-01
5.723669271355106281e-01
5.699322688696504269e-01
4.028485333527350720e-01
3.056458247634718517e-01
1.907783060633608807e-01
6.551226514263161493e-02
4.720011612634940623e-01
2.032396097194858753e-01
3.046859573175362823e-01
2.075990867045254817e-02
1.651656430718276836e-01
4.187242365722497195e-01
5.430409521828285513e-01
4.821242762077607713e-01
5.129760711829677300e-01
1.701363702587617155e-01
1.803246097143847704e-01
2.864743018419488862e-01
4.852912552308377703e-01
9.992457079092112449e-02
6.989820971867006794e-01
6.141053391053390431e-01
4.721233395696321500e-01
5.747023809523809090e-01
1.717486878680475615e-01
3.458534521034520859e-01
2.326934254204773844e-01
